58400
166917
199608
201456
201732
201757
202303
203803
205146
205217
205437
205554
205663
205779
206030
211596
212030
212215
212308
213462
218052
218181
218429
218430
218497
218881
219025
219080
219094
222523
222852
224438
224590
224740
225049
225176
225297
225366
225435
225436
226006
226578
228817
228944
229040
229116
229135
229266
229426
229427
229471
229577
229615
229648
229667
229670
229671
229757
229769
229781
233526
233537
233637
233696
233718
233956
233961
234210
234284
234368
240050
246047
247320